%YAML:1.0

# for TUM_VIO

# Camera calibration and distortion parameters
Camera.model: "pinhole" # "pinhole" or "mei"
Camera.resolution: [512, 512] # width height
Camera.intrinsics: [190.97847715128717, 190.9733070521226, 254.93170605935475, 256.8974428996504] #fu, fv, cu, cv
Camera.distortion_coefficients: [0.0034823894022493434, 0.0007150348452162257, -0.0020532361418706202, 0.00020293673591811182] #equi

